    mean_fit_time  std_fit_time  mean_score_time  std_score_time param_batch_size param_epochs param_optimizer                                                    params  split0_test_score  split1_test_score  split2_test_score  split3_test_score  split4_test_score  mean_test_score  std_test_score  rank_test_score  split0_train_score  split1_train_score  split2_train_score  split3_train_score  split4_train_score  mean_train_score  std_train_score
8     6830.801528     44.046639        15.137118        4.271778                8           40         rmsprop   {'batch_size': 8, 'epochs': 40, 'optimizer': 'rmsprop'}             0.9940             0.9930             0.9885             0.9930             0.9910           0.9919        0.001960                1            1.000000            0.999750            0.999125            1.000000            0.999875          0.999750         0.000326
3     1641.262085      7.730548        13.047827        0.696330                8           10             SGD       {'batch_size': 8, 'epochs': 10, 'optimizer': 'SGD'}             0.9950             0.9895             0.9910             0.9925             0.9900           0.9916        0.001985                2            1.000000            0.999750            1.000000            1.000000            0.999750          0.999900         0.000122
23    6332.463542     19.648681        12.918391        0.363231               16           40             SGD      {'batch_size': 16, 'epochs': 40, 'optimizer': 'SGD'}             0.9930             0.9910             0.9905             0.9915             0.9905           0.9913        0.000927                3            1.000000            1.000000            1.000000            1.000000            1.000000          1.000000         0.000000
7     3260.375005     27.199658        13.822671        0.364619                8           20             SGD       {'batch_size': 8, 'epochs': 20, 'optimizer': 'SGD'}             0.9935             0.9900             0.9900             0.9920             0.9905           0.9912        0.001364                4            1.000000            1.000000            1.000000            1.000000            1.000000          1.000000         0.000000
11    6392.991170     33.567905        15.816483        3.454076                8           40             SGD       {'batch_size': 8, 'epochs': 40, 'optimizer': 'SGD'}             0.9925             0.9895             0.9910             0.9935             0.9885           0.9910        0.001844                5            1.000000            1.000000            1.000000            1.000000            1.000000          1.000000         0.000000
32    6144.633047     21.301758        12.225749        0.859058               32           40         rmsprop  {'batch_size': 32, 'epochs': 40, 'optimizer': 'rmsprop'}             0.9905             0.9905             0.9920             0.9915             0.9895           0.9908        0.000872                6            0.999500            1.000000            1.000000            0.999875            1.000000          0.999875         0.000194
21    6410.816514     32.718340        13.006354        0.620326               16           40            adam     {'batch_size': 16, 'epochs': 40, 'optimizer': 'adam'}             0.9880             0.9925             0.9895             0.9910             0.9900           0.9902        0.001503                7            0.999000            1.000000            0.998125            0.999875            0.999875          0.999375         0.000720
15    1546.454295      5.098743        12.699056        0.282169               16           10             SGD      {'batch_size': 16, 'epochs': 10, 'optimizer': 'SGD'}             0.9915             0.9905             0.9875             0.9930             0.9880           0.9901        0.002083                8            1.000000            1.000000            0.999875            1.000000            1.000000          0.999975         0.000050
19    3134.060919     10.113502        12.930768        1.513249               16           20             SGD      {'batch_size': 16, 'epochs': 20, 'optimizer': 'SGD'}             0.9915             0.9890             0.9865             0.9915             0.9910           0.9899        0.001934                9            1.000000            1.000000            1.000000            1.000000            1.000000          1.000000         0.000000
20    6447.207281     42.789695        13.194568        0.446025               16           40         rmsprop  {'batch_size': 16, 'epochs': 40, 'optimizer': 'rmsprop'}             0.9895             0.9880             0.9920             0.9910             0.9880           0.9897        0.001600               10            1.000000            0.999875            0.999375            1.000000            0.999875          0.999825         0.000232
35    6037.736339     17.575661        12.382761        0.452549               32           40             SGD      {'batch_size': 32, 'epochs': 40, 'optimizer': 'SGD'}             0.9895             0.9905             0.9890             0.9895             0.9890           0.9895        0.000548               11            1.000000            1.000000            1.000000            1.000000            1.000000          1.000000         0.000000
28    3062.180950      8.462337        12.225584        1.184692               32           20         rmsprop  {'batch_size': 32, 'epochs': 20, 'optimizer': 'rmsprop'}             0.9910             0.9905             0.9900             0.9885             0.9845           0.9889        0.002354               12            0.999375            0.997625            0.999875            0.999125            0.997750          0.998750         0.000901
9     6717.413217     99.850955        15.604523        4.056358                8           40            adam      {'batch_size': 8, 'epochs': 40, 'optimizer': 'adam'}             0.9880             0.9905             0.9905             0.9895             0.9860           0.9889        0.001715               13            0.999625            0.999375            0.999875            0.999625            0.999125          0.999525         0.000255
31    3011.021983      8.499949        12.363833        0.494687               32           20             SGD      {'batch_size': 32, 'epochs': 20, 'optimizer': 'SGD'}             0.9905             0.9875             0.9880             0.9885             0.9885           0.9886        0.001020               14            1.000000            1.000000            1.000000            1.000000            1.000000          1.000000         0.000000
4     3426.892240     18.893493        15.181546        4.140878                8           20         rmsprop   {'batch_size': 8, 'epochs': 20, 'optimizer': 'rmsprop'}             0.9895             0.9855             0.9860             0.9920             0.9890           0.9884        0.002396               15            0.999625            0.999500            0.998875            0.999250            0.999500          0.999350         0.000267
16    3191.330993     24.742231        12.983223        0.684755               16           20         rmsprop  {'batch_size': 16, 'epochs': 20, 'optimizer': 'rmsprop'}             0.9895             0.9865             0.9855             0.9915             0.9885           0.9883        0.002135               16            0.999875            0.998125            0.998875            0.999500            0.999125          0.999100         0.000594
44    8025.117656   4681.549615        11.785793        0.721163               64           40         rmsprop  {'batch_size': 64, 'epochs': 40, 'optimizer': 'rmsprop'}             0.9885             0.9840             0.9865             0.9875             0.9920           0.9877        0.002619               17            1.000000            0.998250            0.999625            0.997125            1.000000          0.999000         0.001137
33    6098.283140     25.623120        12.642365        0.587593               32           40            adam     {'batch_size': 32, 'epochs': 40, 'optimizer': 'adam'}             0.9875             0.9890             0.9850             0.9865             0.9895           0.9875        0.001643               18            0.998250            0.998375            0.997375            0.998625            0.999625          0.998450         0.000723
24    1522.513417     13.185414        12.494119        0.235292               32           10         rmsprop  {'batch_size': 32, 'epochs': 10, 'optimizer': 'rmsprop'}             0.9860             0.9845             0.9880             0.9920             0.9870           0.9875        0.002530               19            0.997375            0.996625            0.999250            0.998000            0.997125          0.997675         0.000903
1     1695.421952     27.860828        13.102760        0.375576                8           10            adam      {'batch_size': 8, 'epochs': 10, 'optimizer': 'adam'}             0.9875             0.9845             0.9890             0.9875             0.9880           0.9873        0.001503               20            0.998375            0.996000            0.996625            0.996625            0.998375          0.997200         0.000986
47    4824.687863     67.401113         4.643829        2.607608               64           40             SGD      {'batch_size': 64, 'epochs': 40, 'optimizer': 'SGD'}             0.9905             0.9865             0.9825             0.9875             0.9875           0.9869        0.002577               21            1.000000            1.000000            1.000000            1.000000            1.000000          1.000000         0.000000
12    1635.492288     26.619197        13.626656        0.935343               16           10         rmsprop  {'batch_size': 16, 'epochs': 10, 'optimizer': 'rmsprop'}             0.9895             0.9830             0.9860             0.9890             0.9860           0.9867        0.002358               22            0.999125            0.996875            0.999000            0.998375            0.998375          0.998350         0.000800
27    1498.324360      6.347076        12.624086        0.983813               32           10             SGD      {'batch_size': 32, 'epochs': 10, 'optimizer': 'SGD'}             0.9885             0.9865             0.9850             0.9870             0.9855           0.9865        0.001225               23            1.000000            1.000000            1.000000            1.000000            1.000000          1.000000         0.000000
43   14544.738139      5.321115        11.194064        0.590783               64           20             SGD      {'batch_size': 64, 'epochs': 20, 'optimizer': 'SGD'}             0.9895             0.9860             0.9825             0.9865             0.9860           0.9861        0.002223               24            1.000000            1.000000            1.000000            1.000000            1.000000          1.000000         0.000000
17    3165.994304     25.751220        12.824632        0.665729               16           20            adam     {'batch_size': 16, 'epochs': 20, 'optimizer': 'adam'}             0.9865             0.9845             0.9870             0.9875             0.9845           0.9860        0.001265               25            0.998625            0.995000            0.998000            0.997625            0.999000          0.997650         0.001408
40    2900.303991     13.498492        11.550449        1.110384               64           20         rmsprop  {'batch_size': 64, 'epochs': 20, 'optimizer': 'rmsprop'}             0.9850             0.9840             0.9875             0.9855             0.9855           0.9855        0.001140               26            0.997625            0.998625            0.999250            0.998625            0.997625          0.998350         0.000634
36    1499.070108      8.816957        11.708468        0.356712               64           10         rmsprop  {'batch_size': 64, 'epochs': 10, 'optimizer': 'rmsprop'}             0.9845             0.9895             0.9855             0.9810             0.9865           0.9854        0.002764               27            0.995250            0.998000            0.998500            0.995625            0.999375          0.997350         0.001627
5     3375.718405     53.240838        14.649041        4.148098                8           20            adam      {'batch_size': 8, 'epochs': 20, 'optimizer': 'adam'}             0.9850             0.9820             0.9890             0.9850             0.9830           0.9848        0.002400               28            0.997625            0.996625            0.997875            0.995125            0.994375          0.996325         0.001373
41    7546.854102   5711.093104        11.626022        1.007797               64           20            adam     {'batch_size': 64, 'epochs': 20, 'optimizer': 'adam'}             0.9885             0.9850             0.9790             0.9855             0.9850           0.9846        0.003089               29            0.997500            0.997625            0.991125            0.992875            0.999625          0.995750         0.003202
39    1425.245966      8.855377        11.456298        0.749997               64           10             SGD      {'batch_size': 64, 'epochs': 10, 'optimizer': 'SGD'}             0.9820             0.9850             0.9815             0.9875             0.9865           0.9845        0.002387               30            1.000000            1.000000            1.000000            1.000000            1.000000          1.000000         0.000000
0     1724.598849      8.650772        12.990510        0.495533                8           10         rmsprop   {'batch_size': 8, 'epochs': 10, 'optimizer': 'rmsprop'}             0.9845             0.9795             0.9865             0.9845             0.9870           0.9844        0.002653               31            0.997375            0.997375            0.997750            0.996250            0.999250          0.997600         0.000966
29    3035.412411     15.290047        11.899685        0.302658               32           20            adam     {'batch_size': 32, 'epochs': 20, 'optimizer': 'adam'}             0.9905             0.9880             0.9860             0.9790             0.9770           0.9841        0.005219               32            0.999125            0.999875            0.996000            0.988500            0.991125          0.994925         0.004450
25    1504.925315      1.805245        12.376006        0.355061               32           10            adam     {'batch_size': 32, 'epochs': 10, 'optimizer': 'adam'}             0.9885             0.9845             0.9830             0.9775             0.9860           0.9839        0.003680               33            0.999375            0.996125            0.994375            0.986625            0.996625          0.994625         0.004310
13    1553.654915     21.289173        13.056630        0.539218               16           10            adam     {'batch_size': 16, 'epochs': 10, 'optimizer': 'adam'}             0.9880             0.9755             0.9665             0.9940             0.9775           0.9803        0.009678               34            0.997125            0.988500            0.978375            0.997500            0.992625          0.990825         0.007041
45    5457.019836    298.522344        10.805482        1.660096               64           40            adam     {'batch_size': 64, 'epochs': 40, 'optimizer': 'adam'}             0.9725             0.9540             0.9880             0.9915             0.9920           0.9796        0.014640               35            0.990500            0.955375            0.999875            0.999250            1.000000          0.989000         0.017188
37    1434.516318      8.153531        11.171251        0.652011               64           10            adam     {'batch_size': 64, 'epochs': 10, 'optimizer': 'adam'}             0.9840             0.9875             0.9590             0.9845             0.9825           0.9795        0.010378               36            0.998500            0.998500            0.979000            0.993500            0.994625          0.992825         0.007201
2        1.081763      0.061377         0.000000        0.000000                8           10             mse       {'batch_size': 8, 'epochs': 10, 'optimizer': 'mse'}                NaN                NaN                NaN                NaN                NaN              NaN             NaN               46                 NaN                 NaN                 NaN                 NaN                 NaN               NaN              NaN
6        1.127200      0.112237         0.000000        0.000000                8           20             mse       {'batch_size': 8, 'epochs': 20, 'optimizer': 'mse'}                NaN                NaN                NaN                NaN                NaN              NaN             NaN               37                 NaN                 NaN                 NaN                 NaN                 NaN               NaN              NaN
10       1.424468      0.162032         0.000000        0.000000                8           40             mse       {'batch_size': 8, 'epochs': 40, 'optimizer': 'mse'}                NaN                NaN                NaN                NaN                NaN              NaN             NaN               47                 NaN                 NaN                 NaN                 NaN                 NaN               NaN              NaN
14       1.606607      0.436564         0.000000        0.000000               16           10             mse      {'batch_size': 16, 'epochs': 10, 'optimizer': 'mse'}                NaN                NaN                NaN                NaN                NaN              NaN             NaN               42                 NaN                 NaN                 NaN                 NaN                 NaN               NaN              NaN
18       1.454686      0.243464         0.000000        0.000000               16           20             mse      {'batch_size': 16, 'epochs': 20, 'optimizer': 'mse'}                NaN                NaN                NaN                NaN                NaN              NaN             NaN               38                 NaN                 NaN                 NaN                 NaN                 NaN               NaN              NaN
22       1.673394      0.316922         0.000000        0.000000               16           40             mse      {'batch_size': 16, 'epochs': 40, 'optimizer': 'mse'}                NaN                NaN                NaN                NaN                NaN              NaN             NaN               45                 NaN                 NaN                 NaN                 NaN                 NaN               NaN              NaN
26       1.618498      0.182669         0.000000        0.000000               32           10             mse      {'batch_size': 32, 'epochs': 10, 'optimizer': 'mse'}                NaN                NaN                NaN                NaN                NaN              NaN             NaN               39                 NaN                 NaN                 NaN                 NaN                 NaN               NaN              NaN
30       1.801874      0.079060         0.000000        0.000000               32           20             mse      {'batch_size': 32, 'epochs': 20, 'optimizer': 'mse'}                NaN                NaN                NaN                NaN                NaN              NaN             NaN               41                 NaN                 NaN                 NaN                 NaN                 NaN               NaN              NaN
34       1.746191      0.367471         0.000000        0.000000               32           40             mse      {'batch_size': 32, 'epochs': 40, 'optimizer': 'mse'}                NaN                NaN                NaN                NaN                NaN              NaN             NaN               48                 NaN                 NaN                 NaN                 NaN                 NaN               NaN              NaN
38       1.570992      0.167083         0.000000        0.000000               64           10             mse      {'batch_size': 64, 'epochs': 10, 'optimizer': 'mse'}                NaN                NaN                NaN                NaN                NaN              NaN             NaN               40                 NaN                 NaN                 NaN                 NaN                 NaN               NaN              NaN
42       1.584879      0.186288         0.000000        0.000000               64           20             mse      {'batch_size': 64, 'epochs': 20, 'optimizer': 'mse'}                NaN                NaN                NaN                NaN                NaN              NaN             NaN               44                 NaN                 NaN                 NaN                 NaN                 NaN               NaN              NaN
46       1.371622      0.230977         0.000000        0.000000               64           40             mse      {'batch_size': 64, 'epochs': 40, 'optimizer': 'mse'}                NaN                NaN                NaN                NaN                NaN              NaN             NaN               43                 NaN                 NaN                 NaN                 NaN                 NaN               NaN              NaN
